5.319935416792905825e-01
5.319935416792905825e-01
5.352588996843784530e-01
5.318036419170802942e-01
5.310620844829870846e-01
5.289419370453605218e-01
5.251178422224552778e-01
5.228214227479047738e-01
5.196639191258470847e-01
5.186248522852228149e-01
5.166349934901383056e-01
5.166044702851220194e-01
5.165817241947879834e-01
5.165742327127150757e-01
5.165460665685408514e-01
5.165267951402037205e-01
5.165146518274635890e-01
5.165058748366473385e-01
5.164988043904593651e-01
5.164930225673999287e-01
5.164885897903919165e-01
5.164856636590520189e-01
5.164843514445052186e-01
5.164846724424093649e-01
5.164865656943460337e-01
5.164899121226389500e-01
5.164945573899089037e-01
5.165003304623134728e-01
5.165070569082255147e-01
5.165145675975105766e-01
5.165227039168385215e-01
5.165313205583098588e-01
5.165402867135194809e-01
5.165494862667118214e-01
5.165588173850863551e-01
5.165681917622674257e-01
5.165775336752257418e-01
5.165867789535755206e-01
5.165958739221953033e-01
5.166047743550002957e-01
5.166134444636533152e-01
5.166218559362802942e-01
5.166299870355987034e-01
5.166378217619957969e-01
5.166453490842932705e-01
5.166525622388188355e-01
5.166594580957973859e-01
5.166660365908455343e-01
5.166723002184544500e-01
5.166782535837149970e-01
5.166839030081388229e-01
5.166892561852198806e-01
5.166943218813251359e-01
5.166991096775638281e-01
5.167036297484365326e-01
5.167078926732840971e-01
5.167119092768051036e-01
5.167156904951990537e-01
5.167192472647804680e-01
5.167225904301945283e-01
5.167257306696592112e-01
5.167286784349190976e-01
5.167314439038542817e-01
5.167340369439235026e-01
5.167364670848342278e-01
5.167387434990309281e-01
5.167408749887695274e-01
5.167428699787044444e-01
5.167447365130558579e-01
5.167464822565535076e-01
5.167481144984624741e-01
5.167496401590927491e-01
5.167510657982872235e-01
5.167523976254475571e-01
5.167536415107347736e-01
5.167548029971270607e-01
5.167558873130783104e-01
5.167568993855515824e-01
5.167578438532511864e-01
5.167587250798975074e-01
5.167595471674253371e-01
5.167603139690031266e-01
5.167610291017944446e-01
5.167616959593993586e-01
5.167623177239248911e-01
5.167628973776516865e-01
5.167634377142681368e-01
5.167639413496551981e-01
5.167644107322125757e-01
5.167648481527200577e-01
5.167652557537369962e-01
5.167656355385409350e-01
5.167659893796167081e-01
5.167663190267032247e-01
5.167666261144103768e-01
5.167669121694227208e-01
5.167671786172989279e-01
5.167674267888882067e-01
5.167676579263754677e-01
5.167678731889742139e-01
5.167680736582809242e-01
