2.062134730832179408e-01
2.062134730832179408e-01
2.039797864988580067e-01
1.966541504214398550e-01
1.935179954585904971e-01
1.915484114016405559e-01
1.912370336607422394e-01
1.900136356155481820e-01
1.883576385744889781e-01
1.876613712588166838e-01
1.867949366003738287e-01
1.852623436372130006e-01
1.848133643726737052e-01
1.844919444237829165e-01
1.842693903344111428e-01
1.841336836960201506e-01
1.840557579925931886e-01
1.840136955217609172e-01
1.839933702227831425e-01
1.839857585152737951e-01
1.839850887165947191e-01
1.839877116339872221e-01
1.839913853338080718e-01
1.839947993820714722e-01
1.839972506082181436e-01
1.839984217607691375e-01
1.839982321124302989e-01
1.839967384659974003e-01
1.839940710556867975e-01
1.839903931917601376e-01
1.839858767447183907e-01
1.839806879758996982e-01
1.839749799735339031e-01
1.839688891966123618e-01
1.839625344907912796e-01
1.839560175254271457e-01
1.839494239902332295e-01
1.839428251448003981e-01
1.839362794781743971e-01
1.839298343394763224e-01
1.839235274651183916e-01
1.839173883675123966e-01
1.839114395735141627e-01
1.839056977141756144e-01
1.839001744745359102e-01
1.838948774155987342e-01
1.838898106818525613e-01
1.838849756076365027e-01
1.838803712349246222e-01
1.838759947540400674e-01
1.838718418776316699e-01
1.838679071570631374e-01
1.838641842492427236e-01
1.838606661408956344e-01
1.838573453363549770e-01
1.838542140141319614e-01
1.838512641568049721e-01
1.838484876581425453e-01
1.838458764108311105e-01
1.838434223777068999e-01
1.838411176489848642e-01
1.838389544876259940e-01
1.838369253646822410e-01
1.838350229861964169e-01
1.838332403130097936e-01
1.838315705746371431e-01
1.838300072782001471e-01
1.838285442132683856e-01
1.838271754533318258e-01
1.838258953545218177e-01
1.838246985521070354e-01
1.838235799552102034e-01
1.838225347401239718e-01
1.838215583425455157e-01
1.838206464489998693e-01
1.838197949876770598e-01
1.838190001188726164e-01
1.838182582251886021e-01
1.838175659016245966e-01
1.838169199456660408e-01
1.838163173474559042e-01
1.838157552801201466e-01
1.838152310903023445e-01
1.838147422889506721e-01
1.838142865423908479e-01
1.838138616637086942e-01
1.838134656044604909e-01
1.838130964467214190e-01
1.838127523954788400e-01
1.838124317713721034e-01
1.838121330037776613e-01
1.838118546242351325e-01
1.838115952602084602e-01
1.838113536291735295e-01
1.838111285330233657e-01
1.838109188527799476e-01
1.838107235436025055e-01
1.838105416300790385e-01
1.838103722017910002e-01
1.838102144091374457e-01
1.838100674594076722e-01
